Model: "sequential"
_________________________________________________________________
 Layer (type)                Output Shape              Param #   
=================================================================
 lstm (LSTM)                 (None, 128)               68096     
                                                                 
 dense (Dense)               (None, 4)                 516       
                                                                 
=================================================================
Total params: 68,612
Trainable params: 68,612
Non-trainable params: 0
_________________________________________________________________
Number of validation simulations : 50
Length of inputs : 50
Evaluation distances : [1, 5, 20, 50]
Average mean squared error for each distance : [6.95598575e-06 2.46711177e-05 2.96533774e-04 1.03459937e-02]
Standard deviation of mean squared error : [1.10173529e-05 3.61797017e-05 3.36513804e-04 3.57471325e-02]
MSE values :
[[1.54207176e-07 8.48769786e-07 1.63574160e-04 2.26162130e-01]
 [4.44181455e-06 2.40822168e-05 7.40045650e-04 2.23366446e-03]
 [8.24337135e-08 3.92167192e-07 4.49665958e-06 1.40961110e-04]
 [2.59782693e-07 8.50637286e-07 2.40082017e-04 1.30647751e-02]
 [2.62545519e-07 1.77790275e-06 2.46631729e-04 3.65101964e-03]
 [7.15703227e-06 2.34206660e-05 1.75240883e-04 1.28642983e-04]
 [4.35806599e-06 1.26897169e-05 1.03878654e-04 9.51879336e-05]
 [2.13741720e-08 7.46100788e-08 2.87796956e-06 1.08898255e-03]
 [5.71886044e-06 1.12522648e-05 9.14340600e-05 1.19807018e-04]
 [1.29934176e-05 4.62604810e-05 1.17551406e-04 6.31324004e-05]
 [9.96673431e-06 2.86254237e-05 2.91565321e-04 2.27566714e-04]
 [1.42451586e-08 7.04578083e-08 1.12110606e-05 3.98772700e-03]
 [4.21616258e-08 9.64697698e-08 7.74644109e-06 7.67673488e-03]
 [5.01319712e-06 2.88171356e-05 5.49445051e-04 1.34412493e-03]
 [1.41084391e-07 9.28155596e-07 1.78941723e-04 1.61628744e-02]
 [1.08254024e-07 5.35091732e-07 1.20551404e-04 1.22680150e-01]
 [2.08512358e-07 2.00311353e-06 3.01001206e-04 2.12179754e-03]
 [1.29282210e-05 5.78333506e-05 9.64223423e-04 2.23043946e-03]
 [1.27514678e-05 3.91273124e-05 7.01024017e-04 6.48543234e-04]
 [4.83002941e-06 3.08228218e-05 2.49538816e-04 4.85556720e-05]
 [2.41647489e-06 7.30862250e-06 1.57492403e-04 6.84590836e-04]
 [2.76939221e-06 1.41850866e-05 5.32420892e-04 1.42927359e-03]
 [1.89875893e-05 6.93956040e-05 3.19593547e-04 1.52816640e-04]
 [1.87635881e-05 9.01632626e-05 1.07233306e-04 1.83216111e-05]
 [3.35350433e-05 1.77083319e-04 6.79285032e-04 2.49525973e-04]
 [1.77076957e-06 7.93612513e-06 1.34773086e-04 4.33693248e-04]
 [1.08078556e-07 1.47790447e-06 3.27817351e-04 5.67293039e-03]
 [3.21355386e-07 2.25956665e-06 1.99104318e-04 3.93163424e-04]
 [9.65398616e-06 2.88535648e-05 6.48285853e-05 4.67887340e-05]
 [3.59434979e-07 1.34603373e-06 7.21777297e-05 8.72252544e-04]
 [3.74068252e-08 1.99468796e-07 7.50482282e-05 4.28833078e-04]
 [1.34648500e-08 3.74990837e-08 2.73531215e-06 5.71110232e-03]
 [4.73659814e-05 1.21116993e-04 1.72004974e-04 7.38253110e-05]
 [5.03501908e-06 1.13608763e-05 3.72167756e-05 7.43921895e-05]
 [4.45582768e-05 7.58784874e-05 1.51870677e-04 6.27118141e-05]
 [2.91427377e-08 7.33458743e-08 2.26164103e-05 1.09552841e-03]
 [3.97953996e-08 1.09657534e-07 1.06375275e-05 1.28557931e-02]
 [4.37684232e-06 2.02244669e-05 2.30006213e-04 2.11999508e-05]
 [5.86442097e-06 1.99122069e-05 6.96795575e-04 1.61050596e-03]
 [8.38837500e-08 2.16960098e-07 3.56938317e-05 4.50957498e-02]
 [1.86048752e-07 1.14186219e-06 1.73898064e-04 2.72640214e-03]
 [9.12080546e-07 8.12720433e-06 1.33178092e-03 7.68872554e-03]
 [8.36989885e-06 3.56472368e-05 4.50040982e-04 1.42473247e-03]
 [2.02440244e-06 3.26744405e-06 6.45911383e-05 1.10541373e-04]
 [1.21931631e-06 4.47834256e-06 2.20225621e-04 1.38273053e-03]
 [1.67837755e-08 4.20864323e-08 2.39495229e-06 3.22721654e-03]
 [1.87844823e-05 7.66548004e-05 1.31900050e-03 3.98609861e-03]
 [2.31218033e-07 1.59219717e-06 2.99005099e-04 1.07702010e-02]
 [7.15286978e-06 5.48954473e-05 1.25285260e-03 4.76555086e-03]
 [3.13587989e-05 8.80614472e-05 4.22485399e-04 3.57667439e-04]]


Model: "sequential"
_________________________________________________________________
 Layer (type)                Output Shape              Param #   
=================================================================
 lstm (LSTM)                 (None, 64)                17664     
                                                                 
 dense (Dense)               (None, 4)                 260       
                                                                 
=================================================================
Total params: 17,924
Trainable params: 17,924
Non-trainable params: 0
_________________________________________________________________
Number of validation simulations : 50
Length of inputs : 50
Evaluation distances : [1, 5, 20, 50]
Average mean squared error for each distance : [8.64242559e-06 2.68643992e-05 3.20412859e-04 6.74649157e-03]
Standard deviation of mean squared error : [1.43159656e-05 3.78690788e-05 3.73193515e-04 1.89402281e-02]
MSE values :
[[2.77353328e-08 1.95250824e-07 5.95403838e-05 6.17571994e-02]
 [1.23527018e-05 4.43431726e-05 8.40160718e-04 2.34969753e-03]
 [1.60141935e-07 1.19167517e-06 6.86207798e-05 2.73430335e-04]
 [7.56381645e-07 2.11653359e-06 1.95109054e-04 7.51052217e-03]
 [5.32485501e-07 2.23581792e-06 2.11152359e-04 3.79840703e-03]
 [1.16749027e-05 5.16883334e-05 3.72792420e-04 4.55980704e-04]
 [3.91174964e-06 1.58507258e-05 1.29872023e-04 7.77359876e-05]
 [2.88682819e-07 7.89534042e-07 2.81756023e-05 6.38541971e-04]
 [1.72463755e-05 3.16615912e-05 1.50277779e-04 1.60708701e-04]
 [2.43493703e-05 2.26994041e-05 8.22990499e-05 1.05821404e-04]
 [9.14180054e-06 2.50796751e-05 2.59237002e-04 2.28097706e-04]
 [2.66758183e-07 9.94741708e-07 5.08960980e-05 1.54983585e-03]
 [3.50909150e-07 1.23180388e-06 7.86612569e-05 1.04168497e-02]
 [8.16518080e-06 3.67799427e-05 6.02483351e-04 1.91429188e-03]
 [8.19926069e-07 3.54551136e-06 3.10422150e-04 1.65490601e-02]
 [6.27343275e-08 5.77138060e-07 1.63632499e-04 1.20376732e-01]
 [2.85639649e-07 3.32949815e-06 5.49497449e-04 2.51829528e-03]
 [7.33251943e-06 4.62973473e-05 6.96533531e-04 1.49631750e-03]
 [3.17289526e-05 6.45882009e-05 7.89967874e-04 9.96552333e-04]
 [4.77703770e-06 1.57811497e-05 1.51784880e-04 2.72207522e-05]
 [8.18887421e-06 2.34868619e-05 2.69067348e-04 7.42543270e-04]
 [7.95045828e-07 1.07500969e-05 4.65536438e-04 1.41431035e-03]
 [1.65556633e-05 5.19474793e-05 3.13264162e-04 2.26074256e-04]
 [7.58579856e-06 6.66816039e-05 1.39514556e-04 8.25790281e-05]
 [3.84863108e-05 1.27314456e-04 6.97833516e-04 4.02879809e-04]
 [3.47128104e-06 1.27528534e-05 2.41215423e-04 7.20094617e-04]
 [1.66452035e-07 1.11653978e-06 1.82541409e-04 3.96987252e-03]
 [2.61871679e-07 1.33180821e-06 8.51201779e-05 2.20601616e-04]
 [7.70295014e-06 7.16096627e-06 4.51807706e-05 7.12106226e-05]
 [5.55204257e-07 3.56168645e-06 1.71729549e-04 1.96459618e-03]
 [1.50092635e-07 5.32667515e-07 2.30242823e-05 3.35909462e-04]
 [4.74086133e-07 1.61524097e-06 1.24778321e-04 2.27747659e-02]
 [4.33931891e-05 1.49952958e-04 2.49434156e-04 1.16714789e-04]
 [6.31054299e-06 1.43494635e-05 7.12171894e-05 9.50296917e-05]
 [8.06222659e-05 1.53203519e-04 2.79563489e-04 1.42158832e-04]
 [3.13325044e-08 5.63001750e-08 6.94647327e-06 7.17682131e-04]
 [2.82904690e-07 9.65407301e-07 5.51988913e-05 4.87511768e-03]
 [2.51643764e-06 8.09651753e-06 1.66413654e-04 3.43378069e-05]
 [8.20049385e-06 3.05787676e-05 7.83097016e-04 2.40396152e-03]
 [7.33498913e-08 2.20442556e-07 3.89748980e-06 1.90980321e-03]
 [5.57616711e-08 8.49793791e-07 2.73845908e-04 4.26812496e-03]
 [1.88531745e-06 1.22263716e-05 1.55596213e-03 9.29558006e-03]
 [1.52292694e-05 5.11593804e-05 5.02389370e-04 1.90650899e-03]
 [2.45028002e-06 6.27978906e-06 7.03476270e-05 5.78563479e-05]
 [2.34347544e-06 9.10057704e-06 1.85516448e-04 1.27786630e-03]
 [5.90169061e-07 2.17242270e-06 1.53988163e-04 2.39225424e-02]
 [1.09806066e-05 6.08694012e-05 8.66767350e-04 2.59281890e-03]
 [4.47267625e-07 2.27104452e-06 3.07618734e-04 1.15149130e-02]
 [1.68399038e-05 1.10065389e-04 1.90518996e-03 5.97217211e-03]
 [2.12430957e-05 5.15731073e-05 3.33266834e-05 9.46535039e-05]]


Model: "sequential"
_________________________________________________________________
 Layer (type)                Output Shape              Param #   
=================================================================
 lstm (LSTM)                 (None, 50, 64)            17664     
                                                                 
 lstm_1 (LSTM)               (None, 32)                12416     
                                                                 
 dense (Dense)               (None, 4)                 132       
                                                                 
=================================================================
Total params: 30,212
Trainable params: 30,212
Non-trainable params: 0
_________________________________________________________________
Number of validation simulations : 50
Length of inputs : 50
Evaluation distances : [1, 5, 20, 50]
Average mean squared error for each distance : [1.76127564e-05 3.76933880e-05 3.37010089e-04 8.25463505e-03]
Standard deviation of mean squared error : [2.73092189e-05 5.30682625e-05 3.57094782e-04 1.69196849e-02]
MSE values :
[[1.41960106e-07 3.33358333e-07 3.22712624e-05 5.48855550e-02]
 [1.03574828e-05 2.95684033e-05 7.60385763e-04 2.14289478e-03]
 [2.98344187e-07 5.52069569e-07 1.25708818e-05 2.19610629e-04]
 [9.54443854e-07 2.06061197e-06 2.78911256e-04 1.42929625e-02]
 [6.81195624e-07 1.59487161e-06 9.78261709e-05 2.40504336e-03]
 [1.33922781e-05 4.06829362e-05 2.32566130e-04 1.33318108e-04]
 [1.69201792e-05 2.82939497e-05 1.43739885e-04 5.50760590e-05]
 [5.35318832e-07 1.31195423e-06 7.40659297e-05 1.49442756e-02]
 [1.37811912e-05 1.87724785e-05 8.55398019e-05 1.54000751e-04]
 [4.86658743e-05 6.11834575e-05 1.39933890e-04 2.51277936e-04]
 [1.50990294e-05 2.58126629e-05 1.51791402e-04 1.04281248e-04]
 [4.78522340e-07 1.57898841e-06 1.21734284e-04 2.05196154e-02]
 [8.81304198e-07 2.54111484e-06 1.69373146e-04 3.82019306e-02]
 [2.93014993e-05 7.57419805e-05 7.47083970e-04 1.54480884e-03]
 [1.29782743e-06 4.39681931e-06 3.54136734e-04 1.90195326e-02]
 [7.13485694e-08 2.07356113e-07 6.96993549e-05 8.35218079e-02]
 [8.77150000e-07 3.20333594e-06 3.60534187e-04 2.18606503e-03]
 [3.56190354e-05 8.57182030e-05 8.98226761e-04 2.38858421e-03]
 [3.07343978e-05 4.94851336e-05 8.89384550e-04 9.31603104e-04]
 [2.87429238e-05 6.25970198e-05 2.76859653e-04 2.32230281e-05]
 [6.66369456e-06 1.48478613e-05 1.48289843e-04 6.78092363e-04]
 [6.52037330e-06 1.77876115e-05 5.27152040e-04 1.38166469e-03]
 [3.81578013e-05 9.65305933e-05 5.96980595e-04 3.85096630e-04]
 [2.08917125e-05 9.82288427e-05 2.10973729e-04 1.27011847e-04]
 [6.94152584e-05 2.10828702e-04 1.12898019e-03 6.68005564e-04]
 [9.57485420e-06 2.44320507e-05 1.70321634e-04 4.86725446e-04]
 [1.41220839e-07 9.05375806e-07 1.38798454e-04 4.36921441e-03]
 [8.02906046e-07 2.20155831e-06 1.27109957e-04 3.63298735e-04]
 [2.73916368e-05 2.92788026e-05 1.06054613e-04 2.12932432e-04]
 [8.31341697e-07 2.45052639e-06 7.88800183e-05 6.10615456e-04]
 [3.66645954e-07 9.07773078e-07 5.30767542e-05 4.62600164e-04]
 [8.23331712e-07 2.21281262e-06 1.65963830e-04 3.66460889e-02]
 [9.93526056e-05 2.02251469e-04 3.98057763e-04 2.65639502e-04]
 [9.73710607e-06 1.16860310e-05 3.99884969e-05 1.48702680e-04]
 [1.46529217e-04 1.99105653e-04 3.18469819e-04 1.57324659e-04]
 [2.99363947e-07 4.56235532e-07 3.50799619e-05 1.39275514e-03]
 [6.64699240e-07 1.88705715e-06 1.16616237e-04 2.11751665e-02]
 [2.22602876e-05 3.90674890e-05 2.63343322e-04 8.49786598e-06]
 [1.05770338e-05 2.78191935e-05 8.22291031e-04 2.00389898e-03]
 [2.73619723e-07 7.27878518e-07 2.24421698e-05 4.23210658e-04]
 [1.16009065e-07 2.58525610e-07 9.32271632e-05 1.91719907e-03]
 [1.09600775e-06 6.38430967e-06 9.33107322e-04 6.21578316e-03]
 [3.75268425e-05 8.56955871e-05 5.42471842e-04 1.46262192e-03]
 [7.20236219e-06 9.19597369e-06 5.04372735e-05 6.44955252e-05]
 [3.62870251e-06 9.30842207e-06 1.92209016e-04 1.04178016e-03]
 [1.22586984e-06 3.62522798e-06 2.68332631e-04 5.55762039e-02]
 [3.95534647e-05 9.66055775e-05 1.26492773e-03 4.56528888e-03]
 [1.91151366e-07 5.97517286e-07 8.28258207e-05 6.08813778e-03]
 [2.15582971e-05 1.06237913e-04 1.57771453e-03 4.96303751e-03]
 [4.84330946e-05 8.75101226e-05 4.79745630e-04 9.45195066e-04]]


Model: "sequential"
_________________________________________________________________
 Layer (type)                Output Shape              Param #   
=================================================================
 lstm (LSTM)                 (None, 50, 64)            17664     
                                                                 
 lstm_1 (LSTM)               (None, 32)                12416     
                                                                 
 dense (Dense)               (None, 64)                2112      
                                                                 
 dense_1 (Dense)             (None, 4)                 260       
                                                                 
=================================================================
Total params: 32,452
Trainable params: 32,452
Non-trainable params: 0
_________________________________________________________________
Number of validation simulations : 50
Length of inputs : 50
Evaluation distances : [1, 5, 20, 50]
Average mean squared error for each distance : [1.51739756e-05 3.37857585e-05 2.99391187e-04 4.11718573e-03]
Standard deviation of mean squared error : [2.35475111e-05 4.76548952e-05 3.26147353e-04 7.72736570e-03]
MSE values :
[[1.39584120e-07 2.79918117e-07 6.77829006e-06 8.71242815e-03]
 [1.48719276e-05 2.99933850e-05 5.10401270e-04 2.27304606e-03]
 [2.93481421e-07 2.29906704e-06 1.73568089e-04 4.62112232e-04]
 [3.53941137e-07 3.81002925e-07 4.08424214e-05 3.81259297e-03]
 [3.53097998e-07 1.03522513e-06 8.92620101e-05 1.94241629e-03]
 [1.82534379e-05 5.84898211e-05 2.93072048e-04 1.58808729e-04]
 [1.52323696e-05 3.52541934e-05 1.42148061e-04 1.26961897e-05]
 [4.07131907e-07 9.26946222e-07 3.31519457e-05 8.78983276e-04]
 [1.48116944e-05 1.59140524e-05 4.10612544e-05 1.23267433e-04]
 [3.96083752e-05 5.00501535e-05 1.99406170e-04 2.22860509e-04]
 [1.21888031e-05 2.15671388e-05 1.42510071e-04 9.19281576e-05]
 [2.72909870e-07 7.92295165e-07 3.80099123e-05 1.25326397e-03]
 [6.72631865e-07 1.94928971e-06 1.30558885e-04 2.05781606e-02]
 [1.72058520e-05 4.67031298e-05 6.27436212e-04 8.64415065e-04]
 [8.47832537e-07 2.69543964e-06 1.80702440e-04 1.15846908e-02]
 [4.12528899e-08 1.17518670e-07 4.63380025e-05 3.77832230e-02]
 [5.54758239e-07 3.75844157e-06 6.93736988e-04 2.46468350e-03]
 [3.97544328e-05 1.07359854e-04 8.57066262e-04 1.95077772e-03]
 [2.00336367e-05 4.23663213e-05 7.21222056e-04 7.49968473e-04]
 [1.53634360e-05 4.48929623e-05 2.93182453e-04 5.03924258e-05]
 [9.70650847e-06 1.90952394e-05 1.48097939e-04 4.50099981e-04]
 [4.75380604e-06 2.69417651e-05 4.15553243e-04 1.40606421e-03]
 [3.45838408e-05 7.52370037e-05 5.22393539e-04 2.67699688e-04]
 [1.39299164e-05 7.11810096e-05 1.90065860e-04 1.12866914e-04]
 [6.70016319e-05 1.75003322e-04 1.06373048e-03 5.45749907e-04]
 [1.07139044e-05 2.18352374e-05 1.14548930e-04 7.02194333e-04]
 [9.15002711e-08 6.11081398e-07 5.78739956e-05 2.41502030e-03]
 [1.44187978e-07 4.59661503e-07 2.46867694e-05 2.97725609e-05]
 [2.19652848e-05 2.52390380e-05 1.29763265e-04 1.45639755e-04]
 [7.98999639e-07 3.54978450e-06 1.79624910e-04 1.42077131e-03]
 [1.63981169e-07 3.59571743e-07 4.57121389e-06 9.90028244e-05]
 [6.16463277e-07 1.70099615e-06 1.32444325e-04 2.48441129e-02]
 [7.55243773e-05 1.71278765e-04 4.10156023e-04 2.29238568e-04]
 [6.69212858e-06 5.41375634e-06 1.40550536e-05 8.27991526e-05]
 [1.26935940e-04 2.00926562e-04 3.07754052e-04 8.93964050e-05]
 [2.88657613e-08 1.10242203e-07 2.36849193e-05 1.28566241e-03]
 [5.55824904e-07 1.62179256e-06 1.09147050e-04 1.57920733e-02]
 [1.33694285e-05 4.01353499e-05 2.89338277e-04 2.03642573e-05]
 [1.36437371e-05 3.01988140e-05 5.67911823e-04 2.14342556e-03]
 [2.82914110e-07 8.31373461e-07 4.11493926e-05 2.92903348e-03]
 [1.37072483e-07 1.28660226e-06 3.85722935e-04 5.58728181e-03]
 [8.26767941e-07 5.02559317e-06 8.04349280e-04 5.92032320e-03]
 [2.25076247e-05 5.04376282e-05 4.37918958e-04 9.52369403e-04]
 [7.36522883e-06 1.20292367e-05 4.80361275e-05 2.87470837e-05]
 [2.69823014e-06 7.45728965e-06 1.16614212e-04 6.33406722e-04]
 [8.65544502e-07 2.53571804e-06 1.71902752e-04 2.61552974e-02]
 [4.88849703e-05 1.07627625e-04 1.04578179e-03 3.53398954e-03]
 [2.68849105e-07 1.03960339e-06 1.60614797e-04 7.90276195e-03]
 [1.95409064e-05 1.01057614e-04 1.56749558e-03 3.94779024e-03]
 [4.28397561e-05 6.22344928e-05 2.24117045e-04 2.15616125e-04]]


Model: "sequential"
_________________________________________________________________
 Layer (type)                Output Shape              Param #   
=================================================================
 lstm (LSTM)                 (None, 50, 256)           267264    
                                                                 
 lstm_1 (LSTM)               (None, 128)               197120    
                                                                 
 dense (Dense)               (None, 128)               16512     
                                                                 
 dense_1 (Dense)             (None, 4)                 516       
                                                                 
=================================================================
Total params: 481,412
Trainable params: 481,412
Non-trainable params: 0
_________________________________________________________________
Number of validation simulations : 50
Length of inputs : 50
Evaluation distances : [1, 5, 20, 50]
Average mean squared error for each distance : [1.81194729e-07 1.99379601e-06 8.62562118e-05 4.95135143e-03]
Standard deviation of mean squared error : [2.49541537e-07 3.20126676e-06 6.01241139e-05 9.63783204e-03]
MSE values :
[[1.49845051e-08 2.78871422e-07 3.98419730e-05 2.83708169e-03]
 [3.84543330e-07 5.04015466e-06 1.84928325e-04 8.08729896e-04]
 [9.16945225e-08 2.89872234e-07 6.25024228e-05 1.39460562e-03]
 [3.03541439e-08 4.21295539e-07 5.75158902e-05 6.33600387e-03]
 [2.77063756e-08 1.63126178e-07 3.09644438e-05 1.78219961e-03]
 [1.25275082e-07 1.77649655e-06 7.25869617e-05 1.59736817e-03]
 [1.01219620e-07 5.46010798e-07 9.21684209e-05 4.62536895e-04]
 [2.17414153e-08 3.56477489e-07 6.70992288e-05 2.05230799e-02]
 [1.58520273e-07 9.97708290e-07 1.98051578e-05 7.39568885e-05]
 [6.95146828e-07 8.40453974e-06 1.50845310e-04 9.90077146e-05]
 [2.18248532e-07 3.28011867e-06 7.15752125e-05 2.40520530e-04]
 [3.18356105e-08 3.64019200e-07 7.85434059e-05 1.96112812e-02]
 [2.14351985e-08 3.50521019e-07 1.05257982e-04 5.46559725e-02]
 [2.02897588e-07 2.70480324e-06 1.83516429e-04 8.45918055e-04]
 [3.24775249e-08 4.75151771e-07 8.33595355e-05 8.97502878e-03]
 [2.87171040e-08 2.56361700e-07 4.59230848e-05 2.62357653e-03]
 [6.34078956e-08 8.04693522e-07 1.85191670e-04 3.47512581e-03]
 [1.20929755e-07 1.69075772e-06 4.88667394e-05 3.58261471e-03]
 [3.99529296e-08 1.22752320e-06 1.21655627e-04 1.36982148e-04]
 [9.95989750e-08 3.02133105e-06 5.69183359e-05 1.27091799e-04]
 [2.10138031e-07 1.39802488e-06 8.66758168e-05 7.53711275e-04]
 [4.06909619e-07 2.33779575e-06 7.53217277e-05 1.23670342e-05]
 [3.97079519e-07 5.89200372e-06 9.67486389e-05 6.23774198e-05]
 [8.54150120e-07 3.02700484e-06 7.83517320e-06 1.56446601e-05]
 [1.38036040e-06 2.04223981e-05 1.59670443e-04 7.88722526e-05]
 [1.10567984e-07 3.47119681e-07 1.89376429e-05 1.11826311e-04]
 [8.35102558e-08 7.14288621e-07 1.53833936e-04 4.02705779e-03]
 [3.38009914e-08 5.95085890e-07 8.77056543e-05 1.71745645e-03]
 [4.59536728e-07 1.42633374e-06 3.16481298e-05 3.55382030e-05]
 [7.37119507e-09 9.11991794e-07 9.84349378e-05 2.94887133e-03]
 [1.82974396e-07 1.04949935e-06 1.19191048e-04 1.79116940e-03]
 [2.35681042e-08 3.26720683e-07 5.09536917e-05 1.84634156e-02]
 [1.50468601e-07 1.12876074e-06 2.18318670e-05 2.00739465e-05]
 [2.39908320e-09 6.17167465e-07 8.85213993e-06 6.44347276e-05]
 [3.39045010e-07 7.63203647e-07 1.17272231e-05 1.79160822e-05]
 [3.29249696e-09 2.20203342e-07 3.45923369e-05 3.15763509e-03]
 [2.03823521e-08 2.41257393e-07 6.28033428e-05 2.74854620e-02]
 [2.52526040e-07 1.70381599e-06 3.99978158e-05 1.49826644e-04]
 [1.13382038e-07 7.06627530e-06 9.70268741e-05 7.72988960e-04]
 [1.83551112e-08 3.85652838e-07 5.98925002e-05 1.24499762e-02]
 [2.55010114e-08 4.35423439e-07 4.45528001e-05 2.74746597e-03]
 [3.04159867e-08 5.84462118e-07 1.15868389e-04 3.01993209e-03]
 [4.45722465e-07 4.98361733e-06 2.33011793e-04 4.57223592e-04]
 [3.24872062e-07 1.11213906e-06 2.84263915e-05 1.23367208e-04]
 [4.99123704e-08 1.26324962e-06 2.37563412e-04 1.69190899e-03]
 [2.70921485e-08 2.62201192e-07 4.74745567e-05 2.34569064e-02]
 [3.31565609e-07 3.06637140e-06 7.93106465e-05 4.60088800e-03]
 [1.34909285e-08 4.00360362e-07 3.65304155e-05 7.59973387e-04]
 [6.90274248e-08 2.74982656e-06 2.06644334e-04 2.32991671e-03]
 [1.81631169e-07 1.80771173e-06 2.00680752e-04 4.05468559e-03]]


