LEAST SQUARES BASELINE

Average mean squared error : 2.68946566380159e-06
Standard deviation of mean squared error : 1.459230391472621e-05
MSE values:
[2.03452700e-08 1.69414524e-06 3.41114875e-07 4.64983218e-08
 4.39624682e-08 1.02522860e-08 6.91026276e-10 8.98054926e-10
 9.50636525e-11 5.32723626e-11 8.01127643e-06 2.12630529e-07
 2.64475742e-08 4.55739598e-09 1.38786080e-08 1.42869214e-09
 1.42093760e-10 3.35886086e-11 6.03270236e-12 4.84169568e-12
 1.67156078e-12 6.74994028e-13 3.19119511e-13 9.42443540e-05
 7.89904512e-07 2.89366407e-08 7.29941872e-10 1.84137041e-10
 1.73622992e-11 2.10513461e-05 7.59275950e-07 2.86479242e-08
 2.14100718e-08 4.63683602e-09 8.78465331e-10 2.84249258e-10
 3.07569139e-10 3.55189294e-11 7.14531404e-12 9.69424568e-12
 8.41870449e-13 5.30252159e-06 4.86861123e-07 1.83277151e-08
 1.85591791e-09 2.76396220e-10 1.78586092e-11 2.19879377e-06
 2.02466627e-07 4.11399125e-08 5.64661621e-10 4.93011366e-10
 3.88137323e-11 1.14198442e-12 2.66373833e-05 1.33430279e-07
 2.93952879e-09 1.20751123e-10 1.65451098e-11 4.44435404e-08
 2.32768766e-07 5.83665446e-07 1.54109489e-07 1.18084215e-08
 1.64922083e-09 3.91188980e-09 1.16646001e-09 1.47934215e-10
 3.07629756e-11 1.05329623e-11 1.89031304e-12 1.51799348e-12
 1.08855215e-05 9.34546337e-08 4.12138133e-09 1.14612337e-09
 3.78709297e-10 1.64565675e-11 5.97174725e-13 6.47119267e-13
 1.43632986e-05 8.83725839e-08 2.17491551e-09 8.45529603e-10
 6.28652638e-11 1.85068094e-11 1.50876373e-12 3.34244757e-06
 2.55427748e-08 4.80873394e-10 2.27395342e-11 2.30246339e-12
 2.90123476e-07 4.40888540e-06 8.34171471e-08 3.02088138e-08
 7.65331712e-09 1.32771440e-09 1.52330454e-10 1.37311166e-10
 2.86636315e-11 4.80187812e-12 4.65020628e-13 2.08999501e-07
 1.44957625e-06 5.87996407e-07 3.17987250e-07 5.60117444e-07
 3.64029462e-08 6.44355412e-09 2.54600770e-09 1.71650180e-09
 1.76422745e-10 9.18868765e-11 3.82847426e-06 1.28836864e-07
 1.86871163e-09 7.26790443e-11 1.18985153e-11 8.37133528e-05
 6.86129569e-06 1.31156187e-06 5.45249646e-08 3.69876757e-09
 2.24028636e-09 3.74734656e-09 1.35978313e-09 1.42238246e-10
 3.45680643e-11 6.24261431e-11 2.69031559e-12 3.97227145e-12
 1.19461519e-07 1.67697685e-06 3.39717522e-07 3.59323645e-08
 3.32774285e-09 1.13797105e-09 4.24400592e-11 1.42019000e-11
 2.18669315e-04 1.41273685e-06 1.16687013e-08 6.62056580e-10
 4.02712032e-10 2.79046699e-12 9.52813589e-13 1.82026925e-05
 2.18888558e-07 7.41429291e-09 6.14682111e-09 9.29666824e-10
 2.34631157e-09 5.50617394e-11 2.34644644e-11 5.27915975e-12
 1.36923282e-12 1.28276077e-05 3.56779215e-08 2.58013414e-09
 5.78596503e-11 1.16297440e-11 2.98600406e-05 8.81041864e-08
 2.67731591e-08 2.58713062e-09 7.06842399e-10 8.64683464e-11
 5.45423844e-12 1.10506366e-12 1.16906615e-06 9.52833664e-08
 2.16200162e-08 1.64322817e-09 6.30769373e-11 5.02607360e-12
 2.43028818e-05 1.46459704e-07 2.92740348e-08 3.53290739e-08
 2.60032803e-09 1.19832462e-09 4.84277583e-10 9.22180739e-11
 2.13277048e-12 2.44237186e-12 3.10877240e-13 9.27354889e-06
 3.13177522e-08 1.16089368e-09 4.36656025e-11 7.90168402e-12
 6.15572560e-06 1.50441899e-07 1.18949048e-09 1.60652868e-09
 2.74966496e-11 4.41717261e-11 2.55314780e-05 1.00517415e-08
 1.97507488e-09 2.10675272e-10 3.40451766e-12 4.95371183e-06
 3.16954200e-07 2.77033902e-08 1.18892461e-08 4.51449561e-10
 6.59199430e-10 1.44175197e-10 6.55622098e-12 1.78438606e-12
 1.38844368e-05 6.54646319e-07 6.49646073e-08 4.20461928e-09
 9.71907383e-10 6.96026516e-11 2.90442529e-11 1.78972103e-12
 1.51273470e-05 2.38734544e-07 9.90289377e-09 3.04666515e-10
 5.64409314e-11 4.77819898e-12 1.07395724e-06 1.46352867e-08
 2.61778529e-09 1.05926199e-09 3.79159996e-10 5.36794863e-12
 5.43034404e-12 1.30867225e-06 3.75640837e-07 8.84626317e-09
 4.83077409e-10 8.32036259e-11 6.89586928e-05 8.86616064e-07
 1.86363338e-08 2.42358016e-09 2.56805429e-10 1.13509901e-10
 2.60610608e-12 1.38150038e-05 1.27339020e-05 5.56263844e-07
 8.25728499e-08 5.17921527e-09 5.02713303e-10 2.74274333e-10
 1.31620017e-11 3.82780068e-12 4.91452446e-07 1.26615132e-07
 1.73143863e-09 1.22771437e-10 6.17023603e-11 1.38564241e-12
 2.69940060e-05 5.76006135e-08 3.31689210e-09 3.22610891e-10
 1.53443285e-11 1.20623196e-11 8.29971166e-07 3.82162449e-09
 1.46236549e-10 1.85733657e-11 8.11002568e-13 8.50971561e-07
 2.22881323e-07 3.23534650e-08 7.97706843e-09 2.55788909e-10
 5.51674163e-11 2.73957326e-11 3.69832666e-12 5.00348701e-07
 5.98381358e-07 7.73217998e-07 1.54886605e-07 1.19610528e-07
 2.61606888e-08 7.27121816e-09 1.37313685e-09 1.71175185e-10
 2.46485298e-11 3.03013648e-11 1.21413420e-05 1.12034004e-07
 5.43683052e-09 4.07387312e-10 2.90234099e-10 1.64177228e-10
 7.48080048e-07 1.10586172e-07 6.31422117e-09 4.44093049e-09
 9.14349137e-09 1.94060570e-09 2.43852599e-11 2.51006682e-10
 2.28039040e-11 1.13321823e-11 4.99808148e-12 2.24003159e-12
 7.30854474e-13 1.19069412e-13 1.19069412e-13 1.19069412e-13
 1.73130285e-07 2.14117624e-07 3.15866492e-07 1.95979444e-07
 3.28356994e-08 6.97781193e-09 1.65024867e-09 1.32184962e-09
 3.36825794e-10 4.41593106e-11 1.59102577e-12 2.89675912e-05
 1.00662082e-06 1.18707098e-08 5.67010104e-09 5.73365745e-10
 4.64746510e-12 4.44919975e-12 2.83327439e-05 5.30083374e-07
 2.07878210e-08 1.27625582e-08 1.35681524e-09 5.54017048e-10
 9.99834382e-11 2.80170666e-11 6.11608197e-12 1.64822820e-11
 1.22489422e-05 1.06220726e-07 1.63417063e-09 2.91258430e-10
 8.65278437e-12 1.15705059e-06 6.21245037e-08 2.17425832e-09
 1.50122533e-10 1.98198000e-11 2.43446700e-12 6.64537198e-05
 9.69700272e-08 3.74974188e-09 4.31503470e-10 1.09142335e-11
 1.27941187e-05 1.04331753e-06 5.79764723e-07 1.16733169e-07
 2.16709391e-08 6.82004606e-09 1.91441620e-09 2.21662476e-10
 4.99145069e-11 2.62640021e-11 1.94496711e-11 1.35007221e-06
 1.84711712e-07 1.87070916e-07 2.07703010e-08 1.05184690e-09
 1.09539422e-09 1.37333905e-09 3.58574942e-10 1.82040744e-10
 2.14086844e-11 2.55294471e-11 3.19793584e-12 1.47352085e-12
 1.39558410e-05 2.57779447e-07 1.38762589e-07 8.40408033e-09
 1.01766127e-09 8.26675095e-11 6.61727978e-12 8.82782325e-05
 5.43975282e-08 2.84848490e-09 5.91618464e-10 1.24201233e-11
 5.50524055e-13 4.90762972e-07 8.54174908e-08 2.26038679e-07
 1.31581015e-08 9.66309247e-09 2.43373863e-10 3.95065685e-10
 6.85602255e-11 5.38440550e-11 7.47178703e-11 1.31953599e-11]


Model: "sequential"
_________________________________________________________________
 Layer (type)                Output Shape              Param #   
=================================================================
 lstm (LSTM)                 (None, 128)               68096     
                                                                 
 dense (Dense)               (None, 4)                 516       
                                                                 
=================================================================
Total params: 68,612
Trainable params: 68,612
Non-trainable params: 0
_________________________________________________________________
Number of validation simulations : 50
Stride between inputs : 50
Length of inputs : 50
Total evaluation distance : 50
Average mean squared error : 0.0020147143794346065
Standard deviation of mean squared error : 0.014626974068739008
Sorted MSE values :
[1.67122776e-08 2.31939747e-08 2.76073448e-08 3.99876615e-08
 4.24353170e-08 4.41425951e-08 4.65573005e-08 4.75883422e-08
 5.48466594e-08 5.62690649e-08 6.60408758e-08 7.39508537e-08
 7.45733378e-08 8.48432736e-08 9.44543256e-08 9.47041220e-08
 9.47509033e-08 9.52427040e-08 9.68161674e-08 9.98520996e-08
 1.01063837e-07 1.04962906e-07 1.06882172e-07 1.08013450e-07
 1.09478516e-07 1.54636412e-07 1.59453688e-07 1.59521162e-07
 1.60751033e-07 1.60893379e-07 1.61071728e-07 1.62251253e-07
 1.67025185e-07 1.68842783e-07 1.76820168e-07 1.77423661e-07
 1.78587736e-07 1.92184008e-07 1.92307068e-07 1.93307377e-07
 1.94644946e-07 1.96120592e-07 1.96988332e-07 1.98522957e-07
 1.99275405e-07 2.00948857e-07 2.01096480e-07 2.02384337e-07
 2.07134720e-07 2.08965946e-07 2.27872367e-07 2.28840196e-07
 2.30506301e-07 2.34446818e-07 2.35511886e-07 2.35855040e-07
 2.37122674e-07 2.37702238e-07 2.37907260e-07 2.40577546e-07
 2.41265004e-07 2.42910691e-07 2.43048327e-07 2.46118507e-07
 2.51024842e-07 2.51124995e-07 2.51378863e-07 2.51988897e-07
 2.53543690e-07 2.54070283e-07 2.55288221e-07 2.55799318e-07
 2.56168461e-07 2.56238915e-07 2.56425874e-07 2.57339450e-07
 2.57406249e-07 2.57613067e-07 2.59593835e-07 2.59615956e-07
 2.59665865e-07 2.59750023e-07 2.59857038e-07 2.60618948e-07
 2.60832756e-07 2.60941741e-07 2.61034849e-07 2.61417181e-07
 2.61497140e-07 2.61693966e-07 2.61733172e-07 2.61744149e-07
 2.61760596e-07 2.61807758e-07 2.61826163e-07 2.61853103e-07
 2.61853103e-07 2.61877107e-07 2.61905435e-07 2.62177595e-07
 2.62246340e-07 2.62248203e-07 2.62411731e-07 2.62480551e-07
 2.62621616e-07 2.62753906e-07 2.63433543e-07 2.63784784e-07
 2.63820157e-07 2.63822832e-07 2.63977068e-07 2.64037716e-07
 2.65014781e-07 2.65465881e-07 2.65664008e-07 2.65966737e-07
 2.66444166e-07 2.66878639e-07 2.66984374e-07 2.67213454e-07
 2.67594461e-07 2.68991717e-07 2.71559362e-07 2.72529024e-07
 2.74722600e-07 2.76100395e-07 2.80381585e-07 2.82103733e-07
 2.82779137e-07 2.83028460e-07 2.92104127e-07 2.94422897e-07
 2.95310275e-07 2.97407017e-07 3.00603866e-07 3.04894824e-07
 3.05067356e-07 3.07252367e-07 3.16433431e-07 3.29220341e-07
 3.30108892e-07 3.30841447e-07 3.36391821e-07 3.38476509e-07
 3.40045106e-07 3.46537172e-07 3.47182635e-07 3.48596204e-07
 3.56279854e-07 3.84731213e-07 3.88776780e-07 3.89055457e-07
 3.97208680e-07 4.17351798e-07 4.20329204e-07 4.20488325e-07
 4.37167760e-07 4.51274437e-07 4.65166228e-07 4.65192159e-07
 4.76226591e-07 4.85202080e-07 5.29159467e-07 5.36825272e-07
 5.36836476e-07 5.41975373e-07 5.51800266e-07 5.53385507e-07
 5.82122162e-07 6.65757681e-07 6.68466267e-07 6.76627236e-07
 6.90822689e-07 7.86098975e-07 8.79851168e-07 8.95321633e-07
 9.08323077e-07 9.34958708e-07 9.60042191e-07 1.05252208e-06
 1.16188213e-06 1.20066729e-06 1.21527025e-06 1.22546278e-06
 1.29150011e-06 1.30240333e-06 1.30289785e-06 1.39471856e-06
 1.43386747e-06 1.44357504e-06 1.44845491e-06 1.50317093e-06
 1.52195791e-06 1.55774957e-06 1.59108704e-06 1.61211813e-06
 1.77208926e-06 1.77461300e-06 1.78642804e-06 1.79607667e-06
 1.84437316e-06 1.90599899e-06 1.94291932e-06 1.98341027e-06
 2.00834791e-06 2.01822453e-06 2.03479719e-06 2.04826751e-06
 2.35199388e-06 2.36789292e-06 2.48825857e-06 2.50836792e-06
 2.51661329e-06 2.51846386e-06 2.53667544e-06 2.60600544e-06
 2.62676759e-06 2.76616404e-06 2.76837913e-06 2.78248027e-06
 2.81610005e-06 2.88667049e-06 3.00140816e-06 3.18361098e-06
 3.25696927e-06 3.28146607e-06 3.39683885e-06 3.44105208e-06
 3.49122315e-06 3.53157448e-06 3.63864911e-06 3.76089682e-06
 4.00847458e-06 4.06153888e-06 4.13533928e-06 4.35440378e-06
 4.61300611e-06 4.64145168e-06 4.70659693e-06 4.86317883e-06
 5.04762579e-06 5.20636747e-06 5.21250238e-06 5.41465304e-06
 6.11714739e-06 6.11761709e-06 6.40766599e-06 6.78501996e-06
 7.09212550e-06 7.25272819e-06 7.39651825e-06 7.39691735e-06
 7.40347472e-06 7.44028040e-06 7.44084768e-06 7.44312867e-06
 7.44351172e-06 8.32414549e-06 9.38517637e-06 9.83082319e-06
 1.02648354e-05 1.08584238e-05 1.09728971e-05 1.13923194e-05
 1.29410274e-05 1.42575596e-05 1.43708056e-05 1.44224833e-05
 1.47950084e-05 1.81762484e-05 1.82124991e-05 1.82199779e-05
 1.85732588e-05 1.90695272e-05 1.90899393e-05 2.04716167e-05
 2.09070036e-05 2.29727552e-05 2.36935522e-05 2.86155435e-05
 2.92897962e-05 2.97546940e-05 3.01463900e-05 3.09275021e-05
 3.10819624e-05 3.12302738e-05 3.26699735e-05 3.27265550e-05
 3.29115768e-05 3.42485547e-05 3.51884027e-05 3.60904095e-05
 3.70399587e-05 3.88749971e-05 4.24045146e-05 4.82044665e-05
 5.02308845e-05 5.04621261e-05 5.04842170e-05 5.13112146e-05
 5.17995933e-05 5.22522121e-05 5.26794554e-05 5.29316836e-05
 5.29979026e-05 5.30838905e-05 5.41655580e-05 5.57768173e-05
 5.88586331e-05 6.02457441e-05 6.13397048e-05 6.14713938e-05
 6.57763530e-05 6.89238721e-05 7.60296721e-05 7.80379196e-05
 8.12743188e-05 8.21328155e-05 8.51813847e-05 8.62128088e-05
 1.03851278e-04 1.10067801e-04 1.10815470e-04 1.24139153e-04
 1.24964968e-04 1.33928398e-04 1.63752435e-04 1.66510056e-04
 2.05431978e-04 2.07063951e-04 2.13669540e-04 2.27777960e-04
 2.28852624e-04 2.29081066e-04 2.34074274e-04 2.44209200e-04
 2.44402048e-04 2.72370475e-04 2.84830923e-04 2.90581064e-04
 2.91212253e-04 3.39363841e-04 3.43541520e-04 3.46479509e-04
 3.54030002e-04 3.54425497e-04 3.55281179e-04 3.55289983e-04
 3.56353956e-04 3.61191805e-04 3.65852028e-04 3.70951789e-04
 4.11242682e-04 4.22118101e-04 4.33240955e-04 4.65506095e-04
 4.75560395e-04 5.43264843e-04 5.63075662e-04 5.65299068e-04
 5.79118684e-04 5.80334668e-04 5.86250183e-04 5.95132222e-04
 6.14018432e-04 6.24851846e-04 6.30309553e-04 7.59451706e-04
 7.68037335e-04 7.87344971e-04 7.91451750e-04 8.08791562e-04
 8.33691779e-04 8.66500094e-04 9.38515496e-04 9.40173654e-04
 1.14093689e-03 1.24116012e-03 1.30727075e-03 1.56461994e-03
 1.68574590e-03 1.99030326e-03 1.99550579e-03 2.09421286e-03
 2.34678141e-03 2.61853687e-03 3.32034119e-03 3.76075433e-03
 4.23871503e-03 4.49295926e-03 4.50526883e-03 6.46462489e-03
 1.09309372e-02 1.27060181e-02 1.33121718e-02 1.48806218e-02
 1.50098533e-02 2.21952178e-02 3.55337397e-02 5.53252620e-02
 9.53950458e-02 1.46462996e-01 1.53077633e-01 1.67918109e-01]


Model: "sequential"
_________________________________________________________________
 Layer (type)                Output Shape              Param #   
=================================================================
 lstm (LSTM)                 (None, 64)                17664     
                                                                 
 dense (Dense)               (None, 4)                 260       
                                                                 
=================================================================
Total params: 17,924
Trainable params: 17,924
Non-trainable params: 0
_________________________________________________________________
Number of validation simulations : 50
Stride between inputs : 50
Length of inputs : 50
Total evaluation distance : 50
Average mean squared error : 0.0011748104446286797
Standard deviation of mean squared error : 0.00761044062964573
Sorted MSE values :
[2.87066196e-08 7.11519929e-08 7.37822036e-08 7.53525330e-08
 7.68978090e-08 7.72284212e-08 7.81629490e-08 7.91399324e-08
 8.02007880e-08 8.21220494e-08 9.02158119e-08 1.06182672e-07
 1.07386002e-07 1.09333106e-07 1.10679886e-07 1.20123852e-07
 1.26320515e-07 1.34476983e-07 1.35573541e-07 1.37429475e-07
 1.45423205e-07 1.45796302e-07 1.46968145e-07 1.48669179e-07
 1.49400357e-07 1.56386266e-07 1.56731672e-07 1.79181237e-07
 1.80537193e-07 1.80703378e-07 1.82436915e-07 1.84944449e-07
 1.86778776e-07 1.87707563e-07 1.97591480e-07 1.98582822e-07
 2.01083015e-07 2.01649414e-07 2.02979411e-07 2.02980284e-07
 2.03019602e-07 2.04029497e-07 2.08044948e-07 2.08583180e-07
 2.11855173e-07 2.14069897e-07 2.16050392e-07 2.17016506e-07
 2.17352555e-07 2.18826920e-07 2.23517455e-07 2.27894483e-07
 2.29791557e-07 2.30670200e-07 2.32133030e-07 2.32193879e-07
 2.34181256e-07 2.35921348e-07 2.38196408e-07 2.48312167e-07
 2.52609680e-07 2.54989688e-07 2.55637424e-07 2.56058583e-07
 2.56064260e-07 2.56833095e-07 2.57060866e-07 2.57115310e-07
 2.57330810e-07 2.57581769e-07 2.57993160e-07 2.58644528e-07
 2.58969119e-07 2.59715361e-07 2.59895139e-07 2.60893351e-07
 2.61897753e-07 2.62008306e-07 2.64084929e-07 2.66338839e-07
 2.69559879e-07 2.70729134e-07 2.70863940e-07 2.71337238e-07
 2.71886323e-07 2.72377712e-07 2.73726941e-07 2.73850432e-07
 2.74710419e-07 2.74790365e-07 2.74980024e-07 2.76716544e-07
 2.77128019e-07 2.77896322e-07 2.78595472e-07 2.78925771e-07
 2.79442847e-07 2.80543115e-07 2.81000304e-07 2.81348078e-07
 2.81356246e-07 2.81413663e-07 2.81502401e-07 2.81871799e-07
 2.82003150e-07 2.82293934e-07 2.82396090e-07 2.82399359e-07
 2.82519637e-07 2.82545512e-07 2.82646458e-07 2.82686718e-07
 2.82732597e-07 2.82748603e-07 2.82759182e-07 2.82783525e-07
 2.82810628e-07 2.82836575e-07 2.82840924e-07 2.82840924e-07
 2.83107423e-07 2.83257356e-07 2.83307162e-07 2.83410252e-07
 2.83496459e-07 2.83669459e-07 2.84045626e-07 2.84375216e-07
 2.85158358e-07 2.85808743e-07 2.86117395e-07 2.86150883e-07
 2.86291454e-07 2.86847931e-07 2.88088707e-07 2.88718112e-07
 2.88956864e-07 2.92379299e-07 2.92565833e-07 2.93313391e-07
 2.96752952e-07 2.98013014e-07 3.00296671e-07 3.00611556e-07
 3.09065522e-07 3.10858665e-07 3.11158439e-07 3.19824151e-07
 3.22048419e-07 3.27204217e-07 3.32515342e-07 3.32952355e-07
 3.36985902e-07 3.38282024e-07 3.46766280e-07 3.72326028e-07
 3.74566712e-07 3.75473856e-07 3.78230601e-07 3.86549052e-07
 3.86881641e-07 3.89001949e-07 3.98692691e-07 4.21301846e-07
 4.29087544e-07 4.54843895e-07 4.65643851e-07 4.66999057e-07
 4.97600624e-07 5.01656085e-07 5.12641984e-07 5.16522967e-07
 5.24291201e-07 5.28772190e-07 5.42739513e-07 6.01978037e-07
 6.93994301e-07 7.29477005e-07 7.47794077e-07 8.08038069e-07
 8.14898554e-07 8.18900068e-07 8.96069698e-07 9.59474497e-07
 9.87342086e-07 1.02285641e-06 1.04402721e-06 1.05913224e-06
 1.05950549e-06 1.07012465e-06 1.07012696e-06 1.07805886e-06
 1.13364557e-06 1.14134104e-06 1.15089184e-06 1.15704428e-06
 1.16070965e-06 1.30274665e-06 1.30952365e-06 1.42610066e-06
 1.44885844e-06 1.45621080e-06 1.45786899e-06 1.47072333e-06
 1.48511206e-06 1.57901780e-06 1.59877412e-06 1.60251658e-06
 1.61726016e-06 1.61964112e-06 1.63686362e-06 1.74225863e-06
 1.84461546e-06 1.92683437e-06 1.92810288e-06 1.93945323e-06
 2.02090543e-06 2.21455740e-06 2.26633368e-06 2.39495728e-06
 2.68598683e-06 2.82119320e-06 2.84657134e-06 2.85235189e-06
 2.96534389e-06 2.97570943e-06 3.00189428e-06 3.20661744e-06
 3.56648015e-06 3.60242255e-06 3.78786684e-06 3.85116861e-06
 4.08754296e-06 4.26374782e-06 4.33195756e-06 4.51196062e-06
 4.53235754e-06 4.54886408e-06 4.55371711e-06 4.55774086e-06
 4.55872156e-06 4.62640154e-06 4.84690498e-06 5.31057250e-06
 5.40234956e-06 5.42067742e-06 5.59764200e-06 5.89818835e-06
 5.92832232e-06 6.23726622e-06 6.41646173e-06 6.97183453e-06
 7.19555270e-06 7.57950684e-06 8.16109226e-06 8.45061630e-06
 8.73387322e-06 9.16804930e-06 9.56689729e-06 9.63670373e-06
 9.64621301e-06 1.03423813e-05 1.15850638e-05 1.27099082e-05
 1.28778838e-05 1.29196301e-05 1.37488202e-05 1.37983169e-05
 1.46096582e-05 1.47006145e-05 1.66304456e-05 1.71649280e-05
 1.83300884e-05 1.86134228e-05 1.87298837e-05 1.87881633e-05
 1.94552138e-05 2.01510202e-05 2.06280909e-05 2.20543901e-05
 2.27454289e-05 2.29358418e-05 2.31246929e-05 2.44848207e-05
 2.61945935e-05 2.63121522e-05 2.63569322e-05 2.71325941e-05
 2.73340993e-05 2.77707857e-05 2.79853852e-05 2.86090746e-05
 3.10027749e-05 3.28793710e-05 3.33486224e-05 3.46728627e-05
 3.46885512e-05 3.64069130e-05 3.70201677e-05 3.83854758e-05
 4.01345714e-05 4.62542583e-05 5.07237097e-05 5.21491274e-05
 5.36076669e-05 5.58934801e-05 5.70712381e-05 6.17529235e-05
 6.19986777e-05 6.75082096e-05 6.82980922e-05 6.83476268e-05
 7.52038290e-05 7.87512126e-05 8.00645819e-05 8.87942318e-05
 1.01839147e-04 1.03467605e-04 1.05210018e-04 1.06123661e-04
 1.25030792e-04 1.25033214e-04 1.27950701e-04 1.28507877e-04
 1.28508867e-04 1.33428876e-04 1.36237757e-04 1.41141089e-04
 1.42653894e-04 1.44592031e-04 1.45539283e-04 1.45776774e-04
 1.48299813e-04 1.57491775e-04 1.75842524e-04 1.83985341e-04
 2.01593614e-04 2.02263771e-04 2.02270684e-04 2.02848501e-04
 2.06502004e-04 2.09443926e-04 2.11430405e-04 2.11522964e-04
 2.26634703e-04 2.29945982e-04 2.37426908e-04 2.46147911e-04
 2.55017833e-04 2.64338524e-04 3.18960649e-04 3.33885824e-04
 3.34779679e-04 3.39899217e-04 3.49987173e-04 3.68575201e-04
 3.70966519e-04 3.78253403e-04 3.95177687e-04 4.60955061e-04
 4.86846242e-04 5.25546965e-04 5.36963976e-04 5.56756614e-04
 6.12783675e-04 6.19171781e-04 7.67445815e-04 8.09678640e-04
 8.32882238e-04 8.61449633e-04 9.52422162e-04 1.03062294e-03
 1.25801514e-03 1.26872853e-03 1.31564181e-03 1.37127886e-03
 1.51186625e-03 1.62526206e-03 1.66696242e-03 1.75436986e-03
 1.88644748e-03 2.05249245e-03 2.10305014e-03 2.30599833e-03
 2.57063744e-03 2.64939792e-03 3.11633277e-03 3.45345530e-03
 3.51112424e-03 3.72595378e-03 3.89189247e-03 4.50327091e-03
 5.16052482e-03 6.91548134e-03 8.61641674e-03 8.67799495e-03
 1.40158859e-02 1.64426405e-02 2.29455543e-02 3.08544885e-02
 6.55380955e-02 7.11693550e-02 7.34023281e-02 8.30555785e-02]


Model: "sequential"
_________________________________________________________________
 Layer (type)                Output Shape              Param #   
=================================================================
 lstm (LSTM)                 (None, 50, 64)            17664     
                                                                 
 lstm_1 (LSTM)               (None, 32)                12416     
                                                                 
 dense (Dense)               (None, 4)                 132       
                                                                 
=================================================================
Total params: 30,212
Trainable params: 30,212
Non-trainable params: 0
_________________________________________________________________
Number of validation simulations : 50
Stride between inputs : 50
Length of inputs : 50
Total evaluation distance : 50
Average mean squared error : 0.0013164569251804365
Standard deviation of mean squared error : 0.009472350050990624
Sorted MSE values :
[2.22223498e-09 6.25681179e-09 6.40250968e-09 6.49377689e-09
 6.72766709e-09 6.83941910e-09 7.09830427e-09 7.10269335e-09
 7.44011033e-09 8.81109395e-09 8.83993602e-09 8.91291300e-09
 9.19928625e-09 9.29891771e-09 9.56128586e-09 1.00180461e-08
 1.03109709e-08 1.07256549e-08 1.12534267e-08 1.15587697e-08
 1.16248906e-08 1.21361620e-08 1.25097049e-08 1.25727180e-08
 1.35320075e-08 1.37430590e-08 1.38530868e-08 1.71663923e-08
 1.71673727e-08 1.78428514e-08 1.83032831e-08 1.95976707e-08
 2.00075620e-08 2.04245558e-08 2.05409354e-08 2.07437754e-08
 2.08099898e-08 2.21704517e-08 2.24824769e-08 2.33071703e-08
 2.34342710e-08 2.36780484e-08 2.38082548e-08 2.40402815e-08
 2.43686327e-08 2.44094630e-08 2.45709627e-08 2.47281974e-08
 2.47981448e-08 2.49717208e-08 2.54406595e-08 2.54759792e-08
 2.54879782e-08 2.56669467e-08 2.58045998e-08 2.58609748e-08
 2.59482996e-08 2.59513837e-08 2.59705976e-08 2.59706563e-08
 2.59803482e-08 2.59803482e-08 2.59981668e-08 2.60047685e-08
 2.60095747e-08 2.60160681e-08 2.60504728e-08 2.61314575e-08
 2.61323802e-08 2.61370108e-08 2.61615762e-08 2.61674550e-08
 2.61718810e-08 2.63568603e-08 2.63926319e-08 2.64666732e-08
 2.65773526e-08 2.66930673e-08 2.68085700e-08 2.69385870e-08
 2.70297721e-08 2.72835254e-08 2.73341086e-08 2.73784365e-08
 2.77004644e-08 2.77316656e-08 2.77920326e-08 2.78455920e-08
 2.82485225e-08 2.89099840e-08 2.94954988e-08 2.97596514e-08
 2.99393577e-08 2.99642874e-08 3.09456819e-08 3.16582481e-08
 3.21818663e-08 3.35781539e-08 3.35870115e-08 3.42899400e-08
 3.47678900e-08 3.63144814e-08 3.63720663e-08 3.70387678e-08
 3.72485749e-08 3.73652293e-08 3.77869988e-08 3.81954530e-08
 3.85264821e-08 4.00053546e-08 4.13127513e-08 4.62398725e-08
 4.65656654e-08 4.65736175e-08 5.11293280e-08 5.70626712e-08
 5.76380499e-08 6.53977170e-08 6.72562292e-08 7.47820352e-08
 8.21578442e-08 8.67412843e-08 9.44316796e-08 9.45591393e-08
 9.58188865e-08 9.58327666e-08 9.72638162e-08 9.76242870e-08
 1.00629478e-07 1.03670162e-07 1.05052828e-07 1.07097603e-07
 1.33300861e-07 1.38474110e-07 1.39856899e-07 1.40216916e-07
 1.55483862e-07 1.70438619e-07 1.78240440e-07 1.82102404e-07
 1.87451737e-07 2.26828044e-07 2.31636772e-07 2.54658308e-07
 2.57873225e-07 2.61887118e-07 2.73030164e-07 2.92325277e-07
 2.94395323e-07 3.11533701e-07 3.41352332e-07 3.72581466e-07
 3.83044022e-07 3.92682115e-07 4.01974477e-07 4.05290724e-07
 4.09290058e-07 4.15394114e-07 4.19694517e-07 4.38982989e-07
 4.89346217e-07 4.96084461e-07 5.19547523e-07 5.22240439e-07
 5.39670595e-07 5.82792284e-07 5.91955523e-07 5.96007786e-07
 6.10266954e-07 6.50645268e-07 6.55002493e-07 6.79615410e-07
 7.40591882e-07 7.62738973e-07 8.71487831e-07 9.07453170e-07
 9.44587065e-07 9.81328876e-07 9.84850625e-07 1.00751106e-06
 1.06152912e-06 1.06929697e-06 1.09048539e-06 1.10833471e-06
 1.16320653e-06 1.24236131e-06 1.48945766e-06 1.50402476e-06
 1.55571216e-06 1.57652487e-06 1.58447290e-06 1.62052685e-06
 1.63134773e-06 1.63322536e-06 1.63998078e-06 1.83047991e-06
 1.86505608e-06 1.92511162e-06 1.93321450e-06 2.10141214e-06
 2.13034413e-06 2.14260916e-06 2.15896166e-06 2.16498697e-06
 2.26268790e-06 2.26789939e-06 2.32293889e-06 2.35047610e-06
 2.40101091e-06 2.52139430e-06 2.56487286e-06 2.57736700e-06
 2.57919421e-06 2.58883156e-06 2.69553971e-06 2.73371310e-06
 2.74429041e-06 2.75173091e-06 2.76564083e-06 2.76919923e-06
 2.80386227e-06 2.83424679e-06 2.96379481e-06 3.14031191e-06
 3.20166489e-06 3.32830128e-06 3.58957000e-06 3.64812153e-06
 3.82293474e-06 4.37622201e-06 4.48901971e-06 4.62810129e-06
 5.25582854e-06 5.31411615e-06 5.55605430e-06 5.64117610e-06
 6.09227132e-06 6.17806025e-06 6.25432717e-06 6.27962480e-06
 6.49928571e-06 6.59499021e-06 6.60447609e-06 6.61175795e-06
 6.61182711e-06 6.79053674e-06 6.82086344e-06 6.97453543e-06
 7.25830118e-06 7.33283726e-06 7.57570438e-06 8.77230742e-06
 9.20437377e-06 9.22671123e-06 9.37882168e-06 9.38669633e-06
 1.05682492e-05 1.06393203e-05 1.08096390e-05 1.11033865e-05
 1.17409560e-05 1.24796111e-05 1.24846897e-05 1.27048820e-05
 1.41069031e-05 1.42864189e-05 1.43801995e-05 1.61114519e-05
 1.75217339e-05 1.84990705e-05 1.85607181e-05 1.99368147e-05
 2.04525823e-05 2.05168900e-05 2.06363054e-05 2.06935575e-05
 2.12632457e-05 2.17862652e-05 2.21775586e-05 2.30498663e-05
 2.35144175e-05 2.52745341e-05 2.55346613e-05 2.62948883e-05
 2.63655962e-05 2.77814057e-05 2.81425609e-05 3.06199343e-05
 3.15155449e-05 3.20855650e-05 3.56520687e-05 3.95777788e-05
 4.05555925e-05 4.07464215e-05 4.32040653e-05 4.37672956e-05
 4.42472206e-05 4.47794044e-05 4.64423869e-05 4.76866584e-05
 5.03872359e-05 5.09044880e-05 5.18405903e-05 5.23929773e-05
 5.29784154e-05 5.44948055e-05 5.48955156e-05 5.60032026e-05
 5.67758063e-05 5.99689672e-05 6.70400143e-05 7.01546337e-05
 7.89028697e-05 8.02984791e-05 9.10209964e-05 9.55502054e-05
 1.00973740e-04 1.01023242e-04 1.01856429e-04 1.06246999e-04
 1.09647075e-04 1.11606206e-04 1.12414566e-04 1.18826656e-04
 1.21380707e-04 1.23300062e-04 1.35618399e-04 1.35716234e-04
 1.45588155e-04 1.51805651e-04 1.56763363e-04 1.57644953e-04
 1.58189558e-04 1.59605443e-04 1.66322649e-04 1.87225798e-04
 1.98988453e-04 2.03312132e-04 2.21389983e-04 2.23372109e-04
 2.25333805e-04 2.31175752e-04 2.46719683e-04 2.54869656e-04
 2.55700061e-04 2.58918346e-04 2.62125218e-04 2.68621318e-04
 2.78010446e-04 2.97321176e-04 3.08129807e-04 3.19981303e-04
 3.33303209e-04 3.42326266e-04 3.64095492e-04 4.25434151e-04
 4.36107713e-04 4.54032463e-04 4.55226787e-04 5.31488550e-04
 5.36855696e-04 5.69942092e-04 5.75715684e-04 5.83892141e-04
 6.07365073e-04 7.88202720e-04 7.96498572e-04 8.37800201e-04
 8.52940863e-04 9.16239312e-04 9.17064931e-04 9.45728376e-04
 9.48033680e-04 1.00310347e-03 1.17645638e-03 1.18657892e-03
 1.23115807e-03 1.42215708e-03 1.48389401e-03 1.53993727e-03
 1.74380253e-03 2.12862284e-03 2.13631372e-03 2.15757139e-03
 2.16167301e-03 3.07550413e-03 3.26660438e-03 3.73398387e-03
 3.98339461e-03 4.18097035e-03 5.29228410e-03 5.38762166e-03
 5.42755503e-03 5.50204128e-03 5.65238860e-03 8.55243611e-03
 8.98022239e-03 1.18195437e-02 1.46568844e-02 4.14064846e-02
 5.30891830e-02 8.74819095e-02 1.02279282e-01 1.16333782e-01]


Model: "sequential"
_________________________________________________________________
 Layer (type)                Output Shape              Param #   
=================================================================
 lstm (LSTM)                 (None, 50, 64)            17664     
                                                                 
 lstm_1 (LSTM)               (None, 32)                12416     
                                                                 
 dense (Dense)               (None, 64)                2112      
                                                                 
 dense_1 (Dense)             (None, 4)                 260       
                                                                 
=================================================================
Total params: 32,452
Trainable params: 32,452
Non-trainable params: 0
_________________________________________________________________
Number of validation simulations : 50
Stride between inputs : 50
Length of inputs : 50
Total evaluation distance : 50
Average mean squared error : 0.0004079379115366782
Standard deviation of mean squared error : 0.00207795424975258
Sorted MSE values :
[2.20226259e-09 1.29000374e-08 1.36327045e-08 1.58456829e-08
 1.66044629e-08 1.78616776e-08 1.96301209e-08 2.17742789e-08
 2.18184578e-08 2.21479160e-08 2.22215749e-08 2.28442627e-08
 2.34629672e-08 2.39089334e-08 2.43478901e-08 2.46212448e-08
 2.52923681e-08 2.58067888e-08 2.62250456e-08 2.62263886e-08
 2.63780877e-08 2.63904735e-08 2.66263789e-08 2.66519777e-08
 2.66686630e-08 2.67253808e-08 2.67433405e-08 2.68845944e-08
 2.69449112e-08 2.69876595e-08 2.70141566e-08 2.70270721e-08
 2.71243870e-08 2.73683443e-08 2.77411952e-08 2.77536982e-08
 2.78606632e-08 2.80185079e-08 2.81925262e-08 2.83744447e-08
 2.83882330e-08 2.83949648e-08 2.85412668e-08 2.86132783e-08
 2.86207832e-08 2.87770590e-08 2.90104667e-08 2.93296926e-08
 2.96493587e-08 3.02683006e-08 3.03422091e-08 3.03781549e-08
 3.03878799e-08 3.05292868e-08 3.05681042e-08 3.07706259e-08
 3.08274967e-08 3.08510289e-08 3.09370933e-08 3.09380185e-08
 3.10149935e-08 3.10829945e-08 3.12033818e-08 3.12210559e-08
 3.12306897e-08 3.12498526e-08 3.12745628e-08 3.13181751e-08
 3.13290155e-08 3.14180832e-08 3.14407790e-08 3.14909436e-08
 3.14933224e-08 3.15752604e-08 3.15752967e-08 3.15819339e-08
 3.15819339e-08 3.16350198e-08 3.16689362e-08 3.16885020e-08
 3.17263589e-08 3.17533754e-08 3.18026147e-08 3.18619820e-08
 3.19424585e-08 3.19804373e-08 3.22675040e-08 3.23900116e-08
 3.26187430e-08 3.27068259e-08 3.29041037e-08 3.33330331e-08
 3.34675461e-08 3.37189671e-08 3.37818704e-08 3.49113931e-08
 3.50464256e-08 3.56508206e-08 3.62038059e-08 3.63385613e-08
 3.68188406e-08 3.80058223e-08 3.85740369e-08 3.87268856e-08
 3.89629982e-08 3.91466213e-08 3.93397265e-08 3.96732807e-08
 3.97512415e-08 4.00176942e-08 4.03378979e-08 4.08804356e-08
 4.10295188e-08 4.30158000e-08 4.67875700e-08 4.77268438e-08
 4.87184911e-08 4.87536146e-08 5.46020106e-08 5.54181760e-08
 5.54905622e-08 5.89046684e-08 6.02325826e-08 6.42287415e-08
 6.73137054e-08 6.79622655e-08 7.30524127e-08 8.00282301e-08
 8.68065987e-08 8.73308389e-08 9.29633296e-08 9.67733839e-08
 1.01647448e-07 1.02102649e-07 1.08256103e-07 1.08934896e-07
 1.16646392e-07 1.33676054e-07 1.34966014e-07 1.39609476e-07
 1.42075819e-07 1.42758657e-07 1.48241075e-07 1.61696668e-07
 1.64429320e-07 1.80918972e-07 1.85293565e-07 1.88744541e-07
 2.03257255e-07 2.05638796e-07 2.09434363e-07 2.14925753e-07
 2.33031437e-07 2.46980936e-07 2.60407855e-07 2.63058514e-07
 2.69081579e-07 2.77735125e-07 3.73909556e-07 3.76663044e-07
 3.81775571e-07 3.92871347e-07 3.96782076e-07 4.34941266e-07
 4.39219684e-07 4.84026643e-07 4.87623092e-07 4.93176062e-07
 4.97006366e-07 5.07596910e-07 5.55706988e-07 5.66652221e-07
 5.77215900e-07 6.68243141e-07 7.18163310e-07 7.26604158e-07
 7.34282530e-07 7.47957770e-07 8.10194026e-07 8.29305529e-07
 8.37443233e-07 9.63905826e-07 9.91088303e-07 1.07666494e-06
 1.13329279e-06 1.15532749e-06 1.19812805e-06 1.32453645e-06
 1.34395930e-06 1.35738358e-06 1.39918093e-06 1.41013964e-06
 1.43949842e-06 1.45486436e-06 1.51254456e-06 1.53821755e-06
 1.56704943e-06 1.57585291e-06 1.65090412e-06 1.66470142e-06
 1.72218954e-06 1.77548773e-06 1.77766855e-06 1.80305530e-06
 1.81262997e-06 1.84861443e-06 2.04338919e-06 2.08357984e-06
 2.08651175e-06 2.13770766e-06 2.14973917e-06 2.15274064e-06
 2.23553072e-06 2.29788435e-06 2.32826759e-06 2.33059496e-06
 2.35160317e-06 2.35704419e-06 2.41859705e-06 2.62480116e-06
 2.64755206e-06 2.81673793e-06 2.97329766e-06 3.03886901e-06
 3.07485256e-06 3.10039588e-06 3.15384529e-06 3.22301857e-06
 3.30302555e-06 3.32302189e-06 3.53551944e-06 3.71656391e-06
 3.98745947e-06 4.13987301e-06 4.20175750e-06 4.29426941e-06
 4.39043047e-06 4.60629802e-06 4.97004033e-06 5.08700572e-06
 5.09653837e-06 5.10547514e-06 5.10690853e-06 5.23947122e-06
 5.33724564e-06 5.69984965e-06 5.76943754e-06 5.98265524e-06
 6.35956780e-06 6.76776306e-06 6.77891935e-06 7.32440693e-06
 7.32567788e-06 7.33549221e-06 7.41768625e-06 8.17245449e-06
 8.27751313e-06 8.65706410e-06 9.41010825e-06 9.70507932e-06
 9.89168092e-06 1.00415853e-05 1.02892419e-05 1.04569440e-05
 1.07216814e-05 1.10417524e-05 1.11946661e-05 1.21120197e-05
 1.39127491e-05 1.43995091e-05 1.52703637e-05 1.57591168e-05
 1.61591583e-05 1.63917223e-05 1.67473743e-05 1.67510019e-05
 1.69894878e-05 1.70913533e-05 1.81341438e-05 1.87980381e-05
 1.89468673e-05 1.90858641e-05 2.01206943e-05 2.09610268e-05
 2.12151243e-05 2.12782346e-05 2.22959297e-05 2.23454149e-05
 2.34824765e-05 2.52748665e-05 2.53709063e-05 2.62705824e-05
 2.81726950e-05 2.83848447e-05 3.02412767e-05 3.05020859e-05
 3.07732483e-05 3.15611529e-05 3.15833912e-05 3.16292236e-05
 3.23557503e-05 3.29163709e-05 3.35481962e-05 3.50616480e-05
 3.51873542e-05 4.08685793e-05 4.23213657e-05 4.39308676e-05
 4.64488076e-05 5.43036869e-05 5.63534153e-05 5.73667489e-05
 6.00473365e-05 6.92001533e-05 6.98109313e-05 7.13540918e-05
 8.11474809e-05 8.26366786e-05 8.49088321e-05 9.72490714e-05
 1.08974154e-04 1.12765440e-04 1.15286647e-04 1.15968352e-04
 1.20333645e-04 1.20491111e-04 1.20652839e-04 1.23358473e-04
 1.25011950e-04 1.31179811e-04 1.34983152e-04 1.41366753e-04
 1.55992793e-04 1.56012735e-04 1.59529346e-04 1.77108707e-04
 1.77767922e-04 1.78276054e-04 1.78402741e-04 1.80224962e-04
 1.86295648e-04 2.09586212e-04 2.12608949e-04 2.12778451e-04
 2.14521457e-04 2.20868989e-04 2.32706102e-04 2.42446568e-04
 2.72117557e-04 2.72507307e-04 2.76683835e-04 2.77993393e-04
 2.81872300e-04 2.86125054e-04 2.90717158e-04 2.96599224e-04
 3.04074319e-04 3.07801971e-04 3.13684283e-04 3.34924655e-04
 3.40072225e-04 3.42213017e-04 3.47482722e-04 3.58634473e-04
 5.34533515e-04 5.42649313e-04 5.79673757e-04 6.29253743e-04
 6.77469399e-04 6.98578478e-04 7.25021214e-04 7.30759696e-04
 7.86051460e-04 7.95520868e-04 8.27756722e-04 8.36543254e-04
 8.95660452e-04 9.14718853e-04 1.03312854e-03 1.03950396e-03
 1.05969185e-03 1.09530515e-03 1.70795800e-03 1.74744752e-03
 1.88025468e-03 2.22547919e-03 2.36264555e-03 2.37875036e-03
 2.41517283e-03 2.46969476e-03 2.73636982e-03 2.88654042e-03
 3.11356326e-03 3.29133223e-03 3.36983536e-03 3.75731065e-03
 4.08010743e-03 4.46146268e-03 7.63359051e-03 1.05047482e-02
 1.54452823e-02 1.56320076e-02 1.96330270e-02 2.49840256e-02]


Model: "sequential"
_________________________________________________________________
 Layer (type)                Output Shape              Param #   
=================================================================
 lstm (LSTM)                 (None, 50, 256)           267264    
                                                                 
 lstm_1 (LSTM)               (None, 32)                36992     
                                                                 
 dense (Dense)               (None, 64)                2112      
                                                                 
 dense_1 (Dense)             (None, 4)                 260       
                                                                 
=================================================================
Total params: 306,628
Trainable params: 306,628
Non-trainable params: 0
_________________________________________________________________
Number of validation simulations : 50
Stride between inputs : 50
Length of inputs : 50
Total evaluation distance : 50
Average mean squared error : 0.0003478315487261624
Standard deviation of mean squared error : 0.0017103402571210266
Sorted MSE values :
[1.90902033e-07 2.19422930e-07 2.41052382e-07 2.41297511e-07
 2.58683508e-07 3.74223239e-07 4.21797874e-07 4.51366169e-07
 4.88176767e-07 5.04318953e-07 5.06664837e-07 5.21905515e-07
 5.56342584e-07 5.65387814e-07 5.71397454e-07 5.81161742e-07
 6.01502319e-07 6.61756199e-07 7.00338444e-07 7.05959806e-07
 7.12034327e-07 7.65414685e-07 7.76556102e-07 7.84502988e-07
 7.92868935e-07 7.95080392e-07 8.01118579e-07 8.08410266e-07
 8.87028086e-07 8.87563010e-07 8.90722211e-07 9.06199056e-07
 9.16066033e-07 9.20652833e-07 9.41149394e-07 9.41446072e-07
 9.49225601e-07 9.55813313e-07 9.57605466e-07 9.61003349e-07
 9.73576628e-07 9.74971523e-07 9.76603424e-07 9.77953622e-07
 9.82843929e-07 9.87525279e-07 9.92080416e-07 9.93880051e-07
 9.98067757e-07 9.99165091e-07 9.99409141e-07 9.99686082e-07
 1.00317056e-06 1.00535765e-06 1.00597957e-06 1.00598998e-06
 1.00626269e-06 1.00630256e-06 1.00688784e-06 1.00865450e-06
 1.00892409e-06 1.00945563e-06 1.00949839e-06 1.00950809e-06
 1.00951048e-06 1.00978178e-06 1.00979362e-06 1.00994357e-06
 1.01001808e-06 1.01018002e-06 1.01018002e-06 1.01018032e-06
 1.01022183e-06 1.01022364e-06 1.01026583e-06 1.01029382e-06
 1.01040735e-06 1.01053215e-06 1.01064131e-06 1.01085446e-06
 1.01195337e-06 1.01204169e-06 1.01273134e-06 1.01279674e-06
 1.01290534e-06 1.01322047e-06 1.01400934e-06 1.01413984e-06
 1.01467535e-06 1.01566831e-06 1.01593581e-06 1.01637889e-06
 1.01676288e-06 1.01744807e-06 1.01812872e-06 1.01939552e-06
 1.01964971e-06 1.02002759e-06 1.02063575e-06 1.02072934e-06
 1.02361606e-06 1.02435316e-06 1.02844074e-06 1.03064336e-06
 1.03426662e-06 1.03459581e-06 1.03518976e-06 1.03759152e-06
 1.03788325e-06 1.03826809e-06 1.03955956e-06 1.04215556e-06
 1.04234103e-06 1.04473426e-06 1.04531814e-06 1.04689480e-06
 1.04842398e-06 1.04996286e-06 1.05152553e-06 1.05487599e-06
 1.05770829e-06 1.06999515e-06 1.07073958e-06 1.07090051e-06
 1.07448346e-06 1.07730120e-06 1.07945663e-06 1.08105033e-06
 1.08545790e-06 1.08664047e-06 1.08675574e-06 1.08710071e-06
 1.09265624e-06 1.10015633e-06 1.10249885e-06 1.10648294e-06
 1.10745580e-06 1.11422907e-06 1.12557368e-06 1.12743630e-06
 1.12958923e-06 1.12966468e-06 1.13128544e-06 1.13274932e-06
 1.14159732e-06 1.15414865e-06 1.15587890e-06 1.16773398e-06
 1.17756821e-06 1.18171984e-06 1.18482677e-06 1.18517245e-06
 1.19286602e-06 1.19345397e-06 1.20237311e-06 1.22034737e-06
 1.22417583e-06 1.23138762e-06 1.24135376e-06 1.24642047e-06
 1.24666875e-06 1.24942608e-06 1.25866436e-06 1.26957761e-06
 1.26981701e-06 1.30180917e-06 1.30816193e-06 1.31218565e-06
 1.34233199e-06 1.35786734e-06 1.36768253e-06 1.37409698e-06
 1.38796451e-06 1.38808976e-06 1.43873614e-06 1.46966462e-06
 1.48871637e-06 1.48988302e-06 1.52073616e-06 1.55975238e-06
 1.56631812e-06 1.57262835e-06 1.57307718e-06 1.57568161e-06
 1.57568174e-06 1.61756140e-06 1.68030495e-06 1.69524437e-06
 1.69853056e-06 1.72384773e-06 1.76899500e-06 1.77855551e-06
 1.81071816e-06 1.93464820e-06 1.93877127e-06 2.00383424e-06
 2.00534583e-06 2.03231235e-06 2.14497436e-06 2.15301644e-06
 2.16425622e-06 2.18432592e-06 2.19509303e-06 2.20136852e-06
 2.20245405e-06 2.24646341e-06 2.24850342e-06 2.26359509e-06
 2.27120986e-06 2.27428896e-06 2.27578540e-06 2.27675066e-06
 2.34434067e-06 2.44109716e-06 2.46856156e-06 2.51711944e-06
 2.53432379e-06 2.58026450e-06 2.60279452e-06 2.61317601e-06
 2.63034680e-06 2.64212338e-06 2.64585350e-06 2.67694858e-06
 2.74402507e-06 2.78759580e-06 2.79967212e-06 2.84557673e-06
 2.87916716e-06 2.92475990e-06 3.07072652e-06 3.20746192e-06
 3.21577457e-06 3.22758748e-06 3.23190611e-06 3.23459986e-06
 3.35914352e-06 3.41781483e-06 3.45072271e-06 3.46082098e-06
 3.46939690e-06 3.49737734e-06 3.50091255e-06 3.57059507e-06
 3.58490213e-06 3.61230743e-06 3.61260621e-06 3.62069311e-06
 3.62426771e-06 3.62926881e-06 3.63399684e-06 3.75065113e-06
 3.84365496e-06 3.84550372e-06 3.93437919e-06 3.94014148e-06
 3.94203526e-06 3.94348130e-06 4.02403465e-06 4.07073980e-06
 4.09513180e-06 4.34014868e-06 4.41616621e-06 4.76964440e-06
 4.92263801e-06 4.94375885e-06 4.99898096e-06 5.18452748e-06
 5.31970625e-06 5.67766383e-06 6.18502711e-06 6.18919755e-06
 6.35532545e-06 6.39897484e-06 6.46896891e-06 6.48193534e-06
 6.48327216e-06 6.48425536e-06 6.49001260e-06 6.76413160e-06
 6.89249633e-06 7.40441923e-06 7.57876933e-06 8.75685794e-06
 8.77402557e-06 9.10637911e-06 9.20502689e-06 9.25006866e-06
 9.31518307e-06 9.41863927e-06 9.62893212e-06 9.83179637e-06
 1.04410789e-05 1.05564654e-05 1.06127767e-05 1.07245317e-05
 1.09002200e-05 1.09629303e-05 1.12558445e-05 1.14588418e-05
 1.19750016e-05 1.20937981e-05 1.24649944e-05 1.29101879e-05
 1.30279271e-05 1.30677090e-05 1.31042380e-05 1.79622264e-05
 1.81829939e-05 1.82752846e-05 1.86302578e-05 1.93216752e-05
 1.95754153e-05 1.97215964e-05 1.98105974e-05 1.99059081e-05
 1.99255820e-05 2.01829919e-05 2.02588116e-05 2.04051077e-05
 2.08905749e-05 2.15740399e-05 2.30186908e-05 2.38257807e-05
 2.45725271e-05 2.57324803e-05 2.74261650e-05 2.77154737e-05
 3.24484998e-05 3.42178782e-05 3.43668669e-05 3.44191080e-05
 3.49382545e-05 3.53071440e-05 3.59020585e-05 3.60326794e-05
 3.67160399e-05 4.12614893e-05 5.46362380e-05 5.96750936e-05
 5.98608370e-05 5.99128020e-05 6.08748982e-05 6.44585941e-05
 6.45591635e-05 6.86017315e-05 7.03752506e-05 7.57657488e-05
 8.96818600e-05 1.03629776e-04 1.05291264e-04 1.13594056e-04
 1.14768985e-04 1.17158189e-04 1.25337905e-04 1.38605798e-04
 1.43792426e-04 1.61246074e-04 1.71423312e-04 1.88003645e-04
 2.44741172e-04 2.52514870e-04 2.82950967e-04 3.27451230e-04
 3.38050240e-04 3.44058981e-04 4.12763665e-04 4.52991600e-04
 4.54051853e-04 4.55962421e-04 4.84413960e-04 5.36855708e-04
 6.82398623e-04 6.84184807e-04 7.11453536e-04 7.37466895e-04
 8.61432897e-04 8.71835676e-04 1.07733135e-03 1.10284295e-03
 1.19760157e-03 1.28636904e-03 1.56528515e-03 1.56579806e-03
 1.57946634e-03 1.68799424e-03 1.77037112e-03 1.86577321e-03
 2.33076711e-03 2.63635106e-03 2.78482859e-03 3.22540230e-03
 3.85639138e-03 4.03239786e-03 4.33344701e-03 4.85262100e-03
 5.31327745e-03 5.71835976e-03 6.19704738e-03 7.63899069e-03
 9.60348529e-03 1.55152561e-02 1.67107675e-02 1.81340582e-02]


Model: "sequential"
_________________________________________________________________
 Layer (type)                Output Shape              Param #   
=================================================================
 lstm (LSTM)                 (None, 50, 256)           267264    
                                                                 
 lstm_1 (LSTM)               (None, 128)               197120    
                                                                 
 dense (Dense)               (None, 128)               16512     
                                                                 
 dense_1 (Dense)             (None, 4)                 516       
                                                                 
=================================================================
Total params: 481,412
Trainable params: 481,412
Non-trainable params: 0
_________________________________________________________________
Number of validation simulations : 50
Stride between inputs : 50
Length of inputs : 50
Total evaluation distance : 50
Average mean squared error : 0.0003002445458665765
Standard deviation of mean squared error : 0.001865610249558621
Sorted MSE values : [1.01267688e-07 1.02118427e-07 1.02394778e-07 1.02434248e-07
 1.03600184e-07 1.03603804e-07 1.03880792e-07 1.03903899e-07
 1.03962436e-07 1.03984018e-07 1.04066514e-07 1.04072524e-07
 1.04191516e-07 1.04227470e-07 1.04243657e-07 1.04302743e-07
 1.04337638e-07 1.04349510e-07 1.04359148e-07 1.04400014e-07
 1.04400014e-07 1.04448749e-07 1.04477037e-07 1.04590512e-07
 1.04669118e-07 1.04723805e-07 1.04824831e-07 1.04890020e-07
 1.05071669e-07 1.05147833e-07 1.05301140e-07 1.05348916e-07
 1.05477238e-07 1.05577172e-07 1.05581149e-07 1.05699650e-07
 1.05863526e-07 1.05983465e-07 1.06778350e-07 1.06794776e-07
 1.06856260e-07 1.06896815e-07 1.07066065e-07 1.07256178e-07
 1.07422465e-07 1.07517266e-07 1.07530513e-07 1.07576179e-07
 1.08268447e-07 1.08704315e-07 1.08952691e-07 1.09143052e-07
 1.09327387e-07 1.09439437e-07 1.09473943e-07 1.09635978e-07
 1.09888160e-07 1.09907686e-07 1.10029540e-07 1.10922560e-07
 1.11089149e-07 1.11574008e-07 1.11604198e-07 1.12032670e-07
 1.12076434e-07 1.12112359e-07 1.12265369e-07 1.13172854e-07
 1.14652940e-07 1.14672693e-07 1.15213557e-07 1.15713276e-07
 1.16568415e-07 1.18222224e-07 1.20959738e-07 1.22650297e-07
 1.23437516e-07 1.24228426e-07 1.24653539e-07 1.24874732e-07
 1.25155105e-07 1.25301412e-07 1.25468200e-07 1.26937039e-07
 1.28393839e-07 1.29109772e-07 1.29498968e-07 1.29772305e-07
 1.30491334e-07 1.31204869e-07 1.32193752e-07 1.33492467e-07
 1.33893358e-07 1.33986902e-07 1.34387970e-07 1.34827759e-07
 1.35385729e-07 1.37001975e-07 1.37637950e-07 1.38274514e-07
 1.38975953e-07 1.39238644e-07 1.39599637e-07 1.41542207e-07
 1.46604238e-07 1.47558210e-07 1.47689668e-07 1.48390230e-07
 1.49954151e-07 1.51197830e-07 1.51574290e-07 1.53975024e-07
 1.56547487e-07 1.56808664e-07 1.61389991e-07 1.64766866e-07
 1.66136746e-07 1.67815239e-07 1.68860071e-07 1.73097103e-07
 1.76916250e-07 1.76965900e-07 1.77829416e-07 1.79002680e-07
 1.79350913e-07 1.79836546e-07 1.79984487e-07 1.83086891e-07
 1.84121276e-07 1.86281218e-07 1.88262986e-07 1.96419328e-07
 2.12433096e-07 2.17815866e-07 2.17925348e-07 2.19999695e-07
 2.22667123e-07 2.24262229e-07 2.33272475e-07 2.35242855e-07
 2.46970670e-07 2.68458121e-07 2.68915997e-07 2.72787582e-07
 2.73134086e-07 2.83429551e-07 2.83814905e-07 2.85214760e-07
 2.87791554e-07 2.91944373e-07 2.95252146e-07 2.96973029e-07
 3.01758407e-07 3.07513872e-07 3.09609538e-07 3.18419273e-07
 3.34086755e-07 3.49309744e-07 3.54958366e-07 3.57759579e-07
 3.70218256e-07 3.83835191e-07 3.92099312e-07 4.09278758e-07
 4.15572780e-07 4.18903835e-07 4.61905876e-07 4.68826547e-07
 4.93218855e-07 4.97971872e-07 5.14802155e-07 5.16815543e-07
 5.17195756e-07 5.31725253e-07 5.47517878e-07 5.48160060e-07
 5.70051951e-07 5.74063930e-07 5.79264186e-07 5.88994268e-07
 6.01739661e-07 6.11775787e-07 6.24654784e-07 6.30191369e-07
 6.76489431e-07 6.99089278e-07 7.09082173e-07 7.15527082e-07
 7.16783419e-07 7.21932894e-07 7.61189184e-07 7.73919137e-07
 7.77433330e-07 8.07394886e-07 8.08308314e-07 8.38976128e-07
 8.39715376e-07 8.68231121e-07 8.99620351e-07 9.26486635e-07
 9.69182831e-07 9.79883420e-07 9.82531588e-07 1.00318595e-06
 1.00635906e-06 1.00643724e-06 1.02934246e-06 1.04619034e-06
 1.04996137e-06 1.08915921e-06 1.11352154e-06 1.11668935e-06
 1.11880882e-06 1.12206378e-06 1.15282450e-06 1.15473375e-06
 1.16567946e-06 1.17349305e-06 1.18486343e-06 1.18709338e-06
 1.19134914e-06 1.19411367e-06 1.22265892e-06 1.26850281e-06
 1.27009079e-06 1.31493358e-06 1.33058954e-06 1.34054589e-06
 1.34595270e-06 1.34661324e-06 1.37379791e-06 1.40491514e-06
 1.42453294e-06 1.43010465e-06 1.46745937e-06 1.49162900e-06
 1.50990265e-06 1.56255901e-06 1.56826857e-06 1.61632763e-06
 1.70601289e-06 1.93667042e-06 1.96078942e-06 2.09516750e-06
 2.15603894e-06 2.18883391e-06 2.33806256e-06 2.35050271e-06
 2.50444077e-06 2.56943162e-06 2.60430276e-06 2.61575055e-06
 2.61822604e-06 2.61975739e-06 2.62244826e-06 2.62751913e-06
 2.63814116e-06 2.71075436e-06 2.72314750e-06 2.87847177e-06
 2.93698893e-06 2.94049207e-06 2.98650983e-06 3.00156089e-06
 3.04312331e-06 3.08652957e-06 3.09742108e-06 3.11026816e-06
 3.18990028e-06 3.19746709e-06 3.21043033e-06 3.24142222e-06
 3.49038893e-06 3.73434608e-06 3.74653039e-06 3.84712013e-06
 3.87869743e-06 3.99587991e-06 4.09768143e-06 4.24213565e-06
 4.67343852e-06 4.76734824e-06 4.89130614e-06 5.02436452e-06
 5.31615183e-06 5.35153379e-06 5.96055474e-06 6.09002052e-06
 6.13324842e-06 6.17381805e-06 6.34695968e-06 6.60440484e-06
 6.67380196e-06 6.81588218e-06 7.13569121e-06 8.19843838e-06
 8.29259542e-06 8.46054162e-06 8.75197762e-06 9.66535461e-06
 9.85179625e-06 1.01073772e-05 1.05840528e-05 1.06311692e-05
 1.18403768e-05 1.21336414e-05 1.68739922e-05 1.69560321e-05
 1.71435748e-05 1.75384965e-05 1.76736932e-05 1.77161981e-05
 1.89519432e-05 1.92517158e-05 2.12655048e-05 2.15281505e-05
 2.38300925e-05 2.56725856e-05 2.63251898e-05 2.68979143e-05
 2.69791656e-05 2.72759998e-05 2.86446162e-05 2.96855653e-05
 2.97088062e-05 2.97928127e-05 3.01416465e-05 3.13511309e-05
 3.36372882e-05 3.51533295e-05 3.60236585e-05 3.95715719e-05
 4.17637455e-05 4.18950738e-05 4.22615168e-05 4.39472046e-05
 4.41893280e-05 4.42092906e-05 4.56971485e-05 4.57206865e-05
 4.74995235e-05 5.03981068e-05 5.09429966e-05 5.53963015e-05
 5.79858117e-05 5.89170383e-05 7.21795666e-05 8.02798592e-05
 1.02548741e-04 1.07323693e-04 1.11299472e-04 1.19026265e-04
 1.23422601e-04 1.25780116e-04 1.46370528e-04 1.75254135e-04
 1.81079918e-04 1.97783250e-04 2.00789444e-04 2.42193554e-04
 2.66405966e-04 2.94093289e-04 2.94669012e-04 3.33608437e-04
 3.40025800e-04 3.67878339e-04 3.93514001e-04 4.04166101e-04
 4.07797771e-04 4.45796429e-04 4.90481644e-04 5.06114733e-04
 5.11457138e-04 5.46079226e-04 5.50122752e-04 6.55697309e-04
 6.79302809e-04 7.07245297e-04 7.11180331e-04 7.43607095e-04
 7.97938010e-04 8.08908983e-04 9.37807364e-04 1.00119016e-03
 1.03828021e-03 1.12656389e-03 1.29420632e-03 1.36551928e-03
 1.44099616e-03 1.70899642e-03 1.89559219e-03 1.91603363e-03
 2.45171208e-03 2.63602474e-03 2.66675632e-03 2.78693407e-03
 2.91847548e-03 2.93342602e-03 3.41445224e-03 7.02025572e-03
 8.74874740e-03 9.64094491e-03 2.06363166e-02 2.67302314e-02]


